-0.5582537335204947
-0.4805283522085326
-0.4102380334556841
-0.3475952076207802
-0.2881388371683524
-0.22581465687169677
-0.16083509708964305
-0.09532446141050865
-0.03215055967852676
0.0346346581535979
0.10067636972981298
0.16979832150908525
0.2409383616972618
0.3117597563471901
0.3848116697648525
0.4579697983619302
0.5331460153679108
0.6128894850887745
0.694969688756788
0.7857595371369053
0.8710261961873962
0.9647900695911582
1.0616341831979814
1.163895270955016
1.2695552444533587
1.3777643822576833
1.494704407809995
1.6095838588816378
1.731707185189445
1.859353700826879
1.98370754590242
2.1097608338486156
2.239000577177288
2.3693024723001193
2.5016224558318525
2.5838989313628438
