0.3726118692266863
0.44402207946554717
0.5154141921890512
0.5867876903253308
0.6581534323836005
0.7295261549120793
0.8009053408388997
0.8722858194453886
0.9436606102613367
1.0150441912990298
1.0864259625851866
1.1578152314134205
1.2292094124243937
1.3006028178275661
1.3720016524853456
1.4434007456790585
1.5148047510555116
1.586219873477112
1.6576406836892532
1.7290826938479558
1.800511260138107
1.871960509302952
1.9434172560098733
2.0148871880494115
2.086365393238827
2.1578498032906515
2.229355464996223
2.3008561111046815
2.3723743893638165
2.4439061114915015
2.5154298190052433
2.5869576630939246
2.658493263260615
2.730031448786642
2.8015745464954094
2.8483424042165586
