0E+00
7.83567E+04
1.42643E+05
2.00004E+05
2.50018E+05
2.96274E+05
3.38519E+05
3.78384E+05
4.15713E+05
4.51687E+05
4.86468E+05
5.20295E+05
5.52976E+05
5.84804E+05
6.16564E+05
6.47329E+05
6.78256E+05
7.08468E+05
7.38875E+05
7.68984E+05
7.99085E+05
8.29426E+05
8.5964E+05
8.90384E+05
9.21163E+05
9.52621E+05
9.84376E+05
1.01684E+06
1.05011E+06
1.08421E+06
1.11929E+06
1.15549E+06
1.19303E+06
1.23216E+06
1.27288E+06
1.31551E+06
1.36031E+06
1.40749E+06
1.45725E+06
1.50995E+06
1.5659E+06
1.62541E+06
1.68882E+06
1.75653E+06
1.82895E+06
1.90651E+06
1.98971E+06
2.07901E+06
2.17498E+06
2.27818E+06
2.38922E+06
2.50875E+06
2.63746E+06
2.77608E+06
2.92538E+06
3.08621E+06
3.25941E+06
3.44593E+06
3.64674E+06
3.86287E+06
4.0954E+06
4.34549E+06
4.61436E+06
4.90327E+06
5.21357E+06
5.54667E+06
5.90405E+06
6.28729E+06
6.698E+06
7.13792E+06
7.60884E+06
8.11264E+06
8.65131E+06
9.22691E+06
9.8416E+06
1.04976E+07
1.11974E+07
1.19434E+07
1.27381E+07
1.35842E+07
1.44846E+07