   -1.3878    0.4900
   -1.1923    0.5200
   -1.0182    0.5500
   -0.8793    0.5800
   -0.7541    0.6100
   -0.6406    0.6400
   -0.5522    0.6700
   -0.4648    0.7100
   -0.3919    0.7400
   -0.3377    0.7700
   -0.2750    0.8000
   -0.2169    0.8300
   -0.1744    0.8600
   -0.1236    0.8900
   -0.0860    0.9300
   -0.0417    0.9600
         0    1.0000
    0.0476    1.0500
    0.0991    1.1100
    0.1441    1.1800
    0.1969    1.2700
    0.2426    1.3600
    0.3014    1.4600
    0.3462    1.5600
    0.3976    1.6600
    0.4432    1.7600
    0.4919    1.8500
    0.5492    1.9300
    0.5930    1.9900
    0.6471    2.0400
    0.6938    2.0900
    0.7477    2.1400
    0.7972    2.1700