-1.8821049537134869
-1.7602224069477934
-1.6794167854327702
-1.6216598578509984
-1.5644340061663033
-1.5055087116109567
-1.4347409303373055
-1.3685262643414937
-1.3092954501118044
-1.2411294349472728
-1.1756187992681397
-1.1087273662565993
-1.032701427815292
-0.956994134912232
-0.8804371205738462
-0.8007998660323978
-0.7201004596967913
-0.637276749772866
-0.5530722425165338
-0.47131068438676893
-0.38912426553933965
-0.301945733259362
-0.2113683152380772
-0.11792308737256185
-0.018954670177421917
0.08320020240019721
0.18854153036029242
0.2962195922675379
0.406128172942517
0.48082976106360187
