0.24338309213053333
0.31216151428794414
0.3835792220688813
0.45494082755221243
0.526301140355875
0.5976655897344763
0.6690588646385585
0.740441056909104
0.8118062499461418
0.8831931919509723
0.9545736705574612
1.0259575101310878
1.09736358379501
1.1687688818511313
1.2401762481947216
1.3115911120803887
1.383008561325392
1.4544311812890693
1.5258571622198838
1.5972771968242243
1.6686982655722986
1.7401314855092564
1.811572978596091
1.883021452153135
1.9544833695787298
2.0259530430823345
2.09743047266395
2.168913590036105
2.240402136662868
2.2898908265499562
