0.028758073610255064
0.06544004390757019
0.09142791827496133
0.12267105401472755
0.15053910385765001
0.18174259142994598
0.2162715968048835
0.24661016740420294
0.27705272194467023
0.30733295029151175
0.33148035190994396
0.3636150081329149
0.39706991540000014
0.42670688340751683
0.4535778371609671
0.48660946759500245
0.5225213063037373
0.5480107390928951
0.5770698227611469
0.609860723829441
0.6427920503212577
0.6694507377715812
0.6995590060508149
0.7320352115001403
0.7584237151930597
0.7852408094642527
0.817254065181825
0.8485049475233336
0.8787038789025543
0.9046428083409456
0.9437437726647243
0.9678012259225224
0.9988979922993138
