      0    1.5708    0.0095
    3.1416    1.5708    0.0095
    1.5708    1.5708    0.0095
   -1.5708    1.5708    0.0095
    1.5708         0    0.0095
    1.5708    3.1416    0.0095
    0.7854    0.9553    0.0321
    0.7854    2.1863    0.0321
   -0.7854    0.9553    0.0321
   -0.7854    2.1863    0.0321
    2.3562    0.9553    0.0321
    2.3562    2.1863    0.0321
   -2.3562    0.9553    0.0321
   -2.3562    2.1863    0.0321
    1.0931    1.5708    0.0286
   -1.0931    1.5708    0.0286
    2.0485    1.5708    0.0286
   -2.0485    1.5708    0.0286
    0.4777    1.5708    0.0286
   -0.4777    1.5708    0.0286
    2.6639    1.5708    0.0286
   -2.6639    1.5708    0.0286
         0    0.4777    0.0286
         0    2.6639    0.0286
    3.1416    0.4777    0.0286
    3.1416    2.6639    0.0286
         0    1.0931    0.0286
         0    2.0485    0.0286
    3.1416    1.0931    0.0286
    3.1416    2.0485    0.0286
    1.5708    0.4777    0.0286
    1.5708    2.6639    0.0286
   -1.5708    0.4777    0.0286
   -1.5708    2.6639    0.0286
    1.5708    1.0931    0.0286
    1.5708    2.0485    0.0286
   -1.5708    1.0931    0.0286
   -1.5708    2.0485    0.0286