    0.0255    1.0200
    0.1344    1.1250
    0.2256    1.2400
    0.3169    1.3900
    0.4081    1.5850
    0.5003    1.9000
    0.5886    2.1800
    0.6769    2.4200
    0.8633    3.0200
    1.0497    3.5700
    1.2263    4.0300
    1.5892    4.7600
    1.9522    5.3600
    2.3152    5.7500
    2.6879    6.1500
    3.0411    6.4000
    3.4139    6.6000
    3.7769    6.8500
    4.1300    7.0500
    4.4930    7.1500
    4.8658    7.2500
    5.2287    7.4000
    5.5917    7.5000
    6.3176    7.6000