1E+00
1.05E+00
1.1E+00
1.15E+00
1.2E+00
1.25E+00
1.3E+00
1.35E+00
1.4E+00
1.45E+00
1.5E+00
1.55E+00
1.6E+00
1.65E+00
1.7E+00
1.75E+00
1.8E+00
1.85E+00
1.9E+00
1.95E+00
2E+00
2.05E+00
2.1E+00
2.15E+00
2.2E+00
2.25E+00
2.3E+00
2.35E+00
2.4E+00
2.45E+00
2.5E+00
2.55E+00
2.6E+00
2.65E+00
2.7E+00
2.75E+00
2.8E+00
2.85E+00
2.9E+00
2.95E+00
3E+00
3.05E+00
3.1E+00
3.15E+00
3.2E+00
3.25E+00
3.3E+00
3.35E+00
3.4E+00
3.45E+00
3.5E+00
3.55E+00
3.6E+00
3.65E+00
3.7E+00
3.75E+00
3.8E+00
3.85E+00
3.9E+00
3.95E+00
4E+00
4.05E+00
4.1E+00
4.15E+00
4.2E+00
4.25E+00
4.3E+00
4.35E+00
4.4E+00
4.45E+00
4.5E+00
4.55E+00
4.6E+00
4.65E+00
4.7E+00
4.75E+00
4.8E+00
4.85E+00
4.9E+00
4.95E+00
5E+00
5.05E+00
5.1E+00
5.15E+00
5.2E+00
5.25E+00
5.3E+00
5.35E+00
5.4E+00
5.45E+00
5.5E+00
5.55E+00
5.6E+00
5.65E+00
5.7E+00
5.75E+00
5.8E+00
5.85E+00
5.9E+00
5.95E+00
6E+00
6.05E+00
6.1E+00
6.15E+00
6.2E+00
6.25E+00
6.3E+00
6.35E+00
6.4E+00
6.45E+00
6.5E+00
6.55E+00
6.6E+00
6.65E+00
6.7E+00
6.75E+00
6.8E+00
6.85E+00
6.9E+00
6.95E+00
7E+00
7.05E+00
7.1E+00
7.15E+00
7.2E+00
7.25E+00
7.3E+00
7.35E+00
7.4E+00
7.45E+00
7.5E+00
7.55E+00
7.6E+00
7.65E+00
7.7E+00
7.75E+00
7.8E+00
7.85E+00
7.9E+00
7.95E+00
8E+00
8.05E+00
8.1E+00
8.15E+00
8.2E+00
8.25E+00
8.3E+00
8.35E+00
8.4E+00
8.45E+00
8.5E+00
8.55E+00
8.6E+00
8.65E+00
8.7E+00