0E+00
4.89476E+04
9.23555E+04
1.33123E+05
1.71124E+05
2.06018E+05
2.38436E+05
2.7008E+05
3.01052E+05
3.2755E+05
3.55689E+05
3.79857E+05
4.06031E+05
4.29766E+05
4.5183E+05
4.7411E+05
4.96234E+05
5.17696E+05
5.3848E+05
5.58684E+05
5.78489E+05
5.98291E+05
6.18151E+05
6.37591E+05
6.55826E+05
6.7355E+05
6.924E+05
7.10862E+05
7.27687E+05
7.45893E+05
7.63594E+05
7.80093E+05
7.98313E+05
8.14465E+05
8.32096E+05
8.48577E+05
8.65491E+05
8.82219E+05
8.98681E+05
9.1548E+05
9.31745E+05
9.48466E+05
9.64697E+05
9.81277E+05
9.97609E+05
1.01402E+06
1.0305E+06
1.04681E+06
1.06344E+06
1.07976E+06
1.09647E+06
1.11297E+06
1.12964E+06
1.14657E+06
1.16304E+06
1.18064E+06
1.19689E+06
1.21498E+06
1.23178E+06
1.24926E+06
1.26767E+06
1.28493E+06
1.30293E+06
1.32197E+06
1.3407E+06
1.35915E+06
1.37802E+06
1.39753E+06
1.41751E+06
1.43782E+06
1.45843E+06
1.47942E+06
1.50102E+06
1.52352E+06
1.54649E+06
1.5689E+06
1.59259E+06
1.61745E+06
1.64172E+06
1.66783E+06
1.69451E+06
1.72096E+06
1.74888E+06
1.77794E+06
1.80776E+06
1.83843E+06
1.87055E+06
1.90428E+06
1.93747E+06
1.9736E+06
2.00924E+06
2.04764E+06
2.08741E+06
2.12827E+06
2.17034E+06
2.2138E+06
2.26037E+06
2.30729E+06
2.35756E+06
2.4087E+06
2.46205E+06
2.51798E+06
2.57598E+06
2.63558E+06
2.69916E+06
2.76446E+06
2.8324E+06
2.90357E+06
2.97772E+06
3.05424E+06
3.13507E+06
3.21874E+06
3.30593E+06
3.39688E+06
3.49131E+06
3.5903E+06
3.69303E+06
3.80023E+06
3.91204E+06
4.02844E+06
4.14972E+06
4.27604E+06
4.4077E+06
4.54488E+06
4.6877E+06
4.83647E+06
4.99138E+06
5.15268E+06
5.32061E+06
5.49542E+06
5.67737E+06
5.86673E+06
6.06378E+06
6.26879E+06
6.48205E+06
6.70387E+06
6.93455E+06
7.17442E+06
7.42379E+06
7.683E+06
7.95241E+06
8.23237E+06
8.52323E+06
8.82539E+06
9.13921E+06
9.46511E+06
9.80349E+06
1.01548E+07
1.05194E+07
1.08978E+07
1.12904E+07
1.16977E+07
1.21202E+07
1.25583E+07
1.30126E+07