     0.00000000       1.57079633   0.000110518923
     3.14159265       1.57079633   0.000110518923
     1.57079633       1.57079633   0.000110518923
    -1.57079633       1.57079633   0.000110518923
     1.57079633       0.00000000   0.000110518923
     1.57079633       3.14159265   0.000110518923
     1.57079633       0.78539816   0.000920523274
     1.57079633       2.35619449   0.000920523274
    -1.57079633       0.78539816   0.000920523274
    -1.57079633       2.35619449   0.000920523274
     0.00000000       0.78539816   0.000920523274
     0.00000000       2.35619449   0.000920523274
     3.14159265       0.78539816   0.000920523274
     3.14159265       2.35619449   0.000920523274
     0.78539816       1.57079633   0.000920523274
    -0.78539816       1.57079633   0.000920523274
     2.35619449       1.57079633   0.000920523274
    -2.35619449       1.57079633   0.000920523274
     0.78539816       0.95531662   0.000913315979
     0.78539816       2.18627604   0.000913315979
    -0.78539816       0.95531662   0.000913315979
    -0.78539816       2.18627604   0.000913315979
     2.35619449       0.95531662   0.000913315979
     2.35619449       2.18627604   0.000913315979
    -2.35619449       0.95531662   0.000913315979
    -2.35619449       2.18627604   0.000913315979
     0.78539816       0.05252876   0.000369042190
     0.78539816       3.08906389   0.000369042190
    -0.78539816       0.05252876   0.000369042190
    -0.78539816       3.08906389   0.000369042190
     2.35619449       0.05252876   0.000369042190
     2.35619449       3.08906389   0.000369042190
    -2.35619449       0.05252876   0.000369042190
    -2.35619449       3.08906389   0.000369042190
     1.53363580       1.53366143   0.000369042190
    -1.53363580       1.53366143   0.000369042190
     1.53363580       1.60793123   0.000369042190
    -1.53363580       1.60793123   0.000369042190
     1.60795686       1.53366143   0.000369042190
    -1.60795686       1.53366143   0.000369042190
     1.60795686       1.60793123   0.000369042190
    -1.60795686       1.60793123   0.000369042190
     0.03716053       1.53366143   0.000369042190
     3.10443212       1.53366143   0.000369042190
     0.03716053       1.60793123   0.000369042190
     3.10443212       1.60793123   0.000369042190
    -0.03716053       1.53366143   0.000369042190
    -3.10443212       1.53366143   0.000369042190
    -0.03716053       1.60793123   0.000369042190
    -3.10443212       1.60793123   0.000369042190
     0.78539816       0.12962266   0.000560399093
     0.78539816       3.01197000   0.000560399093
    -0.78539816       0.12962266   0.000560399093
    -0.78539816       3.01197000   0.000560399093
     2.35619449       0.12962266   0.000560399093
     2.35619449       3.01197000   0.000560399093
    -2.35619449       0.12962266   0.000560399093
    -2.35619449       3.01197000   0.000560399093
     1.47888217       1.47926798   0.000560399093
    -1.47888217       1.47926798   0.000560399093
     1.47888217       1.66232467   0.000560399093
    -1.47888217       1.66232467   0.000560399093
     1.66271049       1.47926798   0.000560399093
    -1.66271049       1.47926798   0.000560399093
     1.66271049       1.66232467   0.000560399093
    -1.66271049       1.66232467   0.000560399093
     0.09191416       1.47926798   0.000560399093
     3.04967849       1.47926798   0.000560399093
     0.09191416       1.66232467   0.000560399093
     3.04967849       1.66232467   0.000560399093
    -0.09191416       1.47926798   0.000560399093
    -3.04967849       1.47926798   0.000560399093
    -0.09191416       1.66232467   0.000560399093
    -3.04967849       1.66232467   0.000560399093
     0.78539816       0.21825577   0.000686529763
     0.78539816       2.92333688   0.000686529763
    -0.78539816       0.21825577   0.000686529763
    -0.78539816       2.92333688   0.000686529763
     2.35619449       0.21825577   0.000686529763
     2.35619449       2.92333688   0.000686529763
    -2.35619449       0.21825577   0.000686529763
    -2.35619449       2.92333688   0.000686529763
     1.41523513       1.41708395   0.000686529763
    -1.41523513       1.41708395   0.000686529763
     1.41523513       1.72450870   0.000686529763
    -1.41523513       1.72450870   0.000686529763
     1.72635752       1.41708395   0.000686529763
    -1.72635752       1.41708395   0.000686529763
     1.72635752       1.72450870   0.000686529763
    -1.72635752       1.72450870   0.000686529763
     0.15556119       1.41708395   0.000686529763
     2.98603146       1.41708395   0.000686529763
     0.15556119       1.72450870   0.000686529763
     2.98603146       1.72450870   0.000686529763
    -0.15556119       1.41708395   0.000686529763
    -2.98603146       1.41708395   0.000686529763
    -0.15556119       1.72450870   0.000686529763
    -2.98603146       1.72450870   0.000686529763
     0.78539816       0.31354204   0.000772033855
     0.78539816       2.82805061   0.000772033855
    -0.78539816       0.31354204   0.000772033855
    -0.78539816       2.82805061   0.000772033855
     2.35619449       0.31354204   0.000772033855
     2.35619449       2.82805061   0.000772033855
    -2.35619449       0.31354204   0.000772033855
    -2.35619449       2.82805061   0.000772033855
     1.34542090       1.35093644   0.000772033855
    -1.34542090       1.35093644   0.000772033855
     1.34542090       1.79065622   0.000772033855
    -1.34542090       1.79065622   0.000772033855
     1.79617175       1.35093644   0.000772033855
    -1.79617175       1.35093644   0.000772033855
     1.79617175       1.79065622   0.000772033855
    -1.79617175       1.79065622   0.000772033855
     0.22537543       1.35093644   0.000772033855
     2.91621723       1.35093644   0.000772033855
     0.22537543       1.79065622   0.000772033855
     2.91621723       1.79065622   0.000772033855
    -0.22537543       1.35093644   0.000772033855
    -2.91621723       1.35093644   0.000772033855
    -0.22537543       1.79065622   0.000772033855
    -2.91621723       1.79065622   0.000772033855
     0.78539816       0.41328390   0.000830154596
     0.78539816       2.72830875   0.000830154596
    -0.78539816       0.41328390   0.000830154596
    -0.78539816       2.72830875   0.000830154596
     2.35619449       0.41328390   0.000830154596
     2.35619449       2.72830875   0.000830154596
    -2.35619449       0.41328390   0.000830154596
    -2.35619449       2.72830875   0.000830154596
     1.27010367       1.28284609   0.000830154596
    -1.27010367       1.28284609   0.000830154596
     1.27010367       1.85874656   0.000830154596
    -1.27010367       1.85874656   0.000830154596
     1.87148898       1.28284609   0.000830154596
    -1.87148898       1.28284609   0.000830154596
     1.87148898       1.85874656   0.000830154596
    -1.87148898       1.85874656   0.000830154596
     0.30069265       1.28284609   0.000830154596
     2.84090000       1.28284609   0.000830154596
     0.30069265       1.85874656   0.000830154596
     2.84090000       1.85874656   0.000830154596
    -0.30069265       1.28284609   0.000830154596
    -2.84090000       1.28284609   0.000830154596
    -0.30069265       1.85874656   0.000830154596
    -2.84090000       1.85874656   0.000830154596
     0.78539816       0.51637044   0.000868669255
     0.78539816       2.62522221   0.000868669255
    -0.78539816       0.51637044   0.000868669255
    -0.78539816       2.62522221   0.000868669255
     2.35619449       0.51637044   0.000868669255
     2.35619449       2.62522221   0.000868669255
    -2.35619449       0.51637044   0.000868669255
    -2.35619449       2.62522221   0.000868669255
     1.18903062       1.21416687   0.000868669255
    -1.18903062       1.21416687   0.000868669255
     1.18903062       1.92742579   0.000868669255
    -1.18903062       1.92742579   0.000868669255
     1.95256203       1.21416687   0.000868669255
    -1.95256203       1.21416687   0.000868669255
     1.95256203       1.92742579   0.000868669255
    -1.95256203       1.92742579   0.000868669255
     0.38176570       1.21416687   0.000868669255
     2.75982695       1.21416687   0.000868669255
     0.38176570       1.92742579   0.000868669255
     2.75982695       1.92742579   0.000868669255
    -0.38176570       1.21416687   0.000868669255
    -2.75982695       1.21416687   0.000868669255
    -0.38176570       1.92742579   0.000868669255
    -2.75982695       1.92742579   0.000868669255
     0.78539816       0.62224202   0.000892707629
     0.78539816       2.51935064   0.000892707629
    -0.78539816       0.62224202   0.000892707629
    -0.78539816       2.51935064   0.000892707629
     2.35619449       0.62224202   0.000892707629
     2.35619449       2.51935064   0.000892707629
    -2.35619449       0.62224202   0.000892707629
    -2.35619449       2.51935064   0.000892707629
     1.10139969       1.14599130   0.000892707629
    -1.10139969       1.14599130   0.000892707629
     1.10139969       1.99560135   0.000892707629
    -1.10139969       1.99560135   0.000892707629
     2.04019296       1.14599130   0.000892707629
    -2.04019296       1.14599130   0.000892707629
     2.04019296       1.99560135   0.000892707629
    -2.04019296       1.99560135   0.000892707629
     0.46939664       1.14599130   0.000892707629
     2.67219602       1.14599130   0.000892707629
     0.46939664       1.99560135   0.000892707629
     2.67219602       1.99560135   0.000892707629
    -0.46939664       1.14599130   0.000892707629
    -2.67219602       1.14599130   0.000892707629
    -0.46939664       1.99560135   0.000892707629
    -2.67219602       1.99560135   0.000892707629
     0.78539816       0.73066695   0.000906082024
     0.78539816       2.41092571   0.000906082024
    -0.78539816       0.73066695   0.000906082024
    -0.78539816       2.41092571   0.000906082024
     2.35619449       0.73066695   0.000906082024
     2.35619449       2.41092571   0.000906082024
    -2.35619449       0.73066695   0.000906082024
    -2.35619449       2.41092571   0.000906082024
     1.00599948       1.07935247   0.000906082024
    -1.00599948       1.07935247   0.000906082024
     1.00599948       2.06224019   0.000906082024
    -1.00599948       2.06224019   0.000906082024
     2.13559317       1.07935247   0.000906082024
    -2.13559317       1.07935247   0.000906082024
     2.13559317       2.06224019   0.000906082024
    -2.13559317       2.06224019   0.000906082024
     0.56479684       1.07935247   0.000906082024
     2.57679581       1.07935247   0.000906082024
     0.56479684       2.06224019   0.000906082024
     2.57679581       2.06224019   0.000906082024
    -0.56479684       1.07935247   0.000906082024
    -2.57679581       1.07935247   0.000906082024
    -0.56479684       2.06224019   0.000906082024
    -2.57679581       2.06224019   0.000906082024
     0.78539816       0.84163794   0.000911977725
     0.78539816       2.29995472   0.000911977725
    -0.78539816       0.84163794   0.000911977725
    -0.78539816       2.29995472   0.000911977725
     2.35619449       0.84163794   0.000911977725
     2.35619449       2.29995472   0.000911977725
    -2.35619449       0.84163794   0.000911977725
    -2.35619449       2.29995472   0.000911977725
     0.90127479       1.01535946   0.000911977725
    -0.90127479       1.01535946   0.000911977725
     0.90127479       2.12623320   0.000911977725
    -0.90127479       2.12623320   0.000911977725
     2.24031786       1.01535946   0.000911977725
    -2.24031786       1.01535946   0.000911977725
     2.24031786       2.12623320   0.000911977725
    -2.24031786       2.12623320   0.000911977725
     0.66952153       1.01535946   0.000911977725
     2.47207112       1.01535946   0.000911977725
     0.66952153       2.12623320   0.000911977725
     2.47207112       2.12623320   0.000911977725
    -0.66952153       1.01535946   0.000911977725
    -2.47207112       1.01535946   0.000911977725
    -0.66952153       2.12623320   0.000911977725
    -2.47207112       2.12623320   0.000911977725
     0.78539816       1.07198626   0.000912872014
     0.78539816       2.06960640   0.000912872014
    -0.78539816       1.07198626   0.000912872014
    -0.78539816       2.06960640   0.000912872014
     2.35619449       1.07198626   0.000912872014
     2.35619449       2.06960640   0.000912872014
    -2.35619449       1.07198626   0.000912872014
    -2.35619449       2.06960640   0.000912872014
     0.65643277       0.90084539   0.000912872014
    -0.65643277       0.90084539   0.000912872014
     0.65643277       2.24074727   0.000912872014
    -0.65643277       2.24074727   0.000912872014
     2.48515988       0.90084539   0.000912872014
    -2.48515988       0.90084539   0.000912872014
     2.48515988       2.24074727   0.000912872014
    -2.48515988       2.24074727   0.000912872014
     0.91436355       0.90084539   0.000912872014
     2.22722910       0.90084539   0.000912872014
     0.91436355       2.24074727   0.000912872014
     2.22722910       2.24074727   0.000912872014
    -0.91436355       0.90084539   0.000912872014
    -2.22722910       0.90084539   0.000912872014
    -0.91436355       2.24074727   0.000912872014
    -2.22722910       2.24074727   0.000912872014
     0.78539816       1.19196935   0.000913071494
     0.78539816       1.94962330   0.000913071494
    -0.78539816       1.19196935   0.000913071494
    -0.78539816       1.94962330   0.000913071494
     2.35619449       1.19196935   0.000913071494
     2.35619449       1.94962330   0.000913071494
    -2.35619449       1.19196935   0.000913071494
    -2.35619449       1.94962330   0.000913071494
     0.51271774       0.85400064   0.000913071494
    -0.51271774       0.85400064   0.000913071494
     0.51271774       2.28759202   0.000913071494
    -0.51271774       2.28759202   0.000913071494
     2.62887491       0.85400064   0.000913071494
    -2.62887491       0.85400064   0.000913071494
     2.62887491       2.28759202   0.000913071494
    -2.62887491       2.28759202   0.000913071494
     1.05807859       0.85400064   0.000913071494
     2.08351407       0.85400064   0.000913071494
     1.05807859       2.28759202   0.000913071494
     2.08351407       2.28759202   0.000913071494
    -1.05807859       0.85400064   0.000913071494
    -2.08351407       0.85400064   0.000913071494
    -1.05807859       2.28759202   0.000913071494
    -2.08351407       2.28759202   0.000913071494
     0.78539816       1.31544645   0.000915287378
     0.78539816       1.82614620   0.000915287378
    -0.78539816       1.31544645   0.000915287378
    -0.78539816       1.82614620   0.000915287378
     2.35619449       1.31544645   0.000915287378
     2.35619449       1.82614620   0.000915287378
    -2.35619449       1.31544645   0.000915287378
    -2.35619449       1.82614620   0.000915287378
     0.35365694       0.81731917   0.000915287378
    -0.35365694       0.81731917   0.000915287378
     0.35365694       2.32427348   0.000915287378
    -0.35365694       2.32427348   0.000915287378
     2.78793571       0.81731917   0.000915287378
    -2.78793571       0.81731917   0.000915287378
     2.78793571       2.32427348   0.000915287378
    -2.78793571       2.32427348   0.000915287378
     1.21713938       0.81731917   0.000915287378
     1.92445327       0.81731917   0.000915287378
     1.21713938       2.32427348   0.000915287378
     1.92445327       2.32427348   0.000915287378
    -1.21713938       0.81731917   0.000915287378
    -1.92445327       0.81731917   0.000915287378
    -1.21713938       2.32427348   0.000915287378
    -1.92445327       2.32427348   0.000915287378
     0.78539816       1.44211530   0.000918743627
     0.78539816       1.69947735   0.000918743627
    -0.78539816       1.44211530   0.000918743627
    -0.78539816       1.69947735   0.000918743627
     2.35619449       1.44211530   0.000918743627
     2.35619449       1.69947735   0.000918743627
    -2.35619449       1.44211530   0.000918743627
    -2.35619449       1.69947735   0.000918743627
     0.18099109       0.79363234   0.000918743627
    -0.18099109       0.79363234   0.000918743627
     0.18099109       2.34796031   0.000918743627
    -0.18099109       2.34796031   0.000918743627
     2.96060156       0.79363234   0.000918743627
    -2.96060156       0.79363234   0.000918743627
     2.96060156       2.34796031   0.000918743627
    -2.96060156       2.34796031   0.000918743627
     1.38980524       0.79363234   0.000918743627
     1.75178742       0.79363234   0.000918743627
     1.38980524       2.34796031   0.000918743627
     1.75178742       2.34796031   0.000918743627
    -1.38980524       0.79363234   0.000918743627
    -1.75178742       0.79363234   0.000918743627
    -1.38980524       2.34796031   0.000918743627
    -1.75178742       2.34796031   0.000918743627
     1.46335149       1.57079633   0.000517697731
    -1.46335149       1.57079633   0.000517697731
     1.67824116       1.57079633   0.000517697731
    -1.67824116       1.57079633   0.000517697731
     0.10744483       1.57079633   0.000517697731
    -0.10744483       1.57079633   0.000517697731
     3.03414782       1.57079633   0.000517697731
    -3.03414782       1.57079633   0.000517697731
     0.00000000       0.10744483   0.000517697731
     0.00000000       3.03414782   0.000517697731
     3.14159265       0.10744483   0.000517697731
     3.14159265       3.03414782   0.000517697731
     0.00000000       1.46335149   0.000517697731
     0.00000000       1.67824116   0.000517697731
     3.14159265       1.46335149   0.000517697731
     3.14159265       1.67824116   0.000517697731
     1.57079633       0.10744483   0.000517697731
     1.57079633       3.03414782   0.000517697731
    -1.57079633       0.10744483   0.000517697731
    -1.57079633       3.03414782   0.000517697731
     1.57079633       1.46335149   0.000517697731
     1.57079633       1.67824116   0.000517697731
    -1.57079633       1.46335149   0.000517697731
    -1.57079633       1.67824116   0.000517697731
     1.30963063       1.57079633   0.000733114368
    -1.30963063       1.57079633   0.000733114368
     1.83196202       1.57079633   0.000733114368
    -1.83196202       1.57079633   0.000733114368
     0.26116570       1.57079633   0.000733114368
    -0.26116570       1.57079633   0.000733114368
     2.88042696       1.57079633   0.000733114368
    -2.88042696       1.57079633   0.000733114368
     0.00000000       0.26116570   0.000733114368
     0.00000000       2.88042696   0.000733114368
     3.14159265       0.26116570   0.000733114368
     3.14159265       2.88042696   0.000733114368
     0.00000000       1.30963063   0.000733114368
     0.00000000       1.83196202   0.000733114368
     3.14159265       1.30963063   0.000733114368
     3.14159265       1.83196202   0.000733114368
     1.57079633       0.26116570   0.000733114368
     1.57079633       2.88042696   0.000733114368
    -1.57079633       0.26116570   0.000733114368
    -1.57079633       2.88042696   0.000733114368
     1.57079633       1.30963063   0.000733114368
     1.57079633       1.83196202   0.000733114368
    -1.57079633       1.30963063   0.000733114368
    -1.57079633       1.83196202   0.000733114368
     1.14035128       1.57079633   0.000846323284
    -1.14035128       1.57079633   0.000846323284
     2.00124138       1.57079633   0.000846323284
    -2.00124138       1.57079633   0.000846323284
     0.43044505       1.57079633   0.000846323284
    -0.43044505       1.57079633   0.000846323284
     2.71114760       1.57079633   0.000846323284
    -2.71114760       1.57079633   0.000846323284
     0.00000000       0.43044505   0.000846323284
     0.00000000       2.71114760   0.000846323284
     3.14159265       0.43044505   0.000846323284
     3.14159265       2.71114760   0.000846323284
     0.00000000       1.14035128   0.000846323284
     0.00000000       2.00124138   0.000846323284
     3.14159265       1.14035128   0.000846323284
     3.14159265       2.00124138   0.000846323284
     1.57079633       0.43044505   0.000846323284
     1.57079633       2.71114760   0.000846323284
    -1.57079633       0.43044505   0.000846323284
    -1.57079633       2.71114760   0.000846323284
     1.57079633       1.14035128   0.000846323284
     1.57079633       2.00124138   0.000846323284
    -1.57079633       1.14035128   0.000846323284
    -1.57079633       2.00124138   0.000846323284
     0.96424582       1.57079633   0.000903112269
    -0.96424582       1.57079633   0.000903112269
     2.17734684       1.57079633   0.000903112269
    -2.17734684       1.57079633   0.000903112269
     0.60655051       1.57079633   0.000903112269
    -0.60655051       1.57079633   0.000903112269
     2.53504214       1.57079633   0.000903112269
    -2.53504214       1.57079633   0.000903112269
     0.00000000       0.60655051   0.000903112269
     0.00000000       2.53504214   0.000903112269
     3.14159265       0.60655051   0.000903112269
     3.14159265       2.53504214   0.000903112269
     0.00000000       0.96424582   0.000903112269
     0.00000000       2.17734684   0.000903112269
     3.14159265       0.96424582   0.000903112269
     3.14159265       2.17734684   0.000903112269
     1.57079633       0.60655051   0.000903112269
     1.57079633       2.53504214   0.000903112269
    -1.57079633       0.60655051   0.000903112269
    -1.57079633       2.53504214   0.000903112269
     1.57079633       0.96424582   0.000903112269
     1.57079633       2.17734684   0.000903112269
    -1.57079633       0.96424582   0.000903112269
    -1.57079633       2.17734684   0.000903112269
     0.17836263       1.51866632   0.000648577845
     0.17836263       1.62292633   0.000648577845
    -0.17836263       1.51866632   0.000648577845
    -0.17836263       1.62292633   0.000648577845
     2.96323002       1.51866632   0.000648577845
     2.96323002       1.62292633   0.000648577845
    -2.96323002       1.51866632   0.000648577845
    -2.96323002       1.62292633   0.000648577845
     0.05296879       1.39267859   0.000648577845
     0.05296879       1.74891406   0.000648577845
    -0.05296879       1.39267859   0.000648577845
    -0.05296879       1.74891406   0.000648577845
     3.08862386       1.39267859   0.000648577845
     3.08862386       1.74891406   0.000648577845
    -3.08862386       1.39267859   0.000648577845
    -3.08862386       1.74891406   0.000648577845
     1.39243370       1.51866632   0.000648577845
     1.39243370       1.62292633   0.000648577845
    -1.39243370       1.51866632   0.000648577845
    -1.39243370       1.62292633   0.000648577845
     1.74915896       1.51866632   0.000648577845
     1.74915896       1.62292633   0.000648577845
    -1.74915896       1.51866632   0.000648577845
    -1.74915896       1.62292633   0.000648577845
     0.28602752       0.18574682   0.000648577845
     0.28602752       2.95584583   0.000648577845
    -0.28602752       0.18574682   0.000648577845
    -0.28602752       2.95584583   0.000648577845
     2.85556514       0.18574682   0.000648577845
     2.85556514       2.95584583   0.000648577845
    -2.85556514       0.18574682   0.000648577845
    -2.85556514       2.95584583   0.000648577845
     1.51782754       1.39267859   0.000648577845
     1.51782754       1.74891406   0.000648577845
    -1.51782754       1.39267859   0.000648577845
    -1.51782754       1.74891406   0.000648577845
     1.62376512       1.39267859   0.000648577845
     1.62376512       1.74891406   0.000648577845
    -1.62376512       1.39267859   0.000648577845
    -1.62376512       1.74891406   0.000648577845
     1.28476881       0.18574682   0.000648577845
     1.28476881       2.95584583   0.000648577845
    -1.28476881       0.18574682   0.000648577845
    -1.28476881       2.95584583   0.000648577845
     1.85682384       0.18574682   0.000648577845
     1.85682384       2.95584583   0.000648577845
    -1.85682384       0.18574682   0.000648577845
    -1.85682384       2.95584583   0.000648577845
     0.25177861       1.45899949   0.000743503091
     0.25177861       1.68259316   0.000743503091
    -0.25177861       1.45899949   0.000743503091
    -0.25177861       1.68259316   0.000743503091
     2.88981404       1.45899949   0.000743503091
     2.88981404       1.68259316   0.000743503091
    -2.88981404       1.45899949   0.000743503091
    -2.88981404       1.68259316   0.000743503091
     0.11540472       1.32062326   0.000743503091
     0.11540472       1.82096940   0.000743503091
    -0.11540472       1.32062326   0.000743503091
    -0.11540472       1.82096940   0.000743503091
     3.02618794       1.32062326   0.000743503091
     3.02618794       1.82096940   0.000743503091
    -3.02618794       1.32062326   0.000743503091
    -3.02618794       1.82096940   0.000743503091
     1.31901772       1.45899949   0.000743503091
     1.31901772       1.68259316   0.000743503091
    -1.31901772       1.45899949   0.000743503091
    -1.31901772       1.68259316   0.000743503091
     1.82257494       1.45899949   0.000743503091
     1.82257494       1.68259316   0.000743503091
    -1.82257494       1.45899949   0.000743503091
    -1.82257494       1.68259316   0.000743503091
     0.42338068       0.27500101   0.000743503091
     0.42338068       2.86659164   0.000743503091
    -0.42338068       0.27500101   0.000743503091
    -0.42338068       2.86659164   0.000743503091
     2.71821197       0.27500101   0.000743503091
     2.71821197       2.86659164   0.000743503091
    -2.71821197       0.27500101   0.000743503091
    -2.71821197       2.86659164   0.000743503091
     1.45539161       1.32062326   0.000743503091
     1.45539161       1.82096940   0.000743503091
    -1.45539161       1.32062326   0.000743503091
    -1.45539161       1.82096940   0.000743503091
     1.68620104       1.32062326   0.000743503091
     1.68620104       1.82096940   0.000743503091
    -1.68620104       1.32062326   0.000743503091
    -1.68620104       1.82096940   0.000743503091
     1.14741565       0.27500101   0.000743503091
     1.14741565       2.86659164   0.000743503091
    -1.14741565       0.27500101   0.000743503091
    -1.14741565       2.86659164   0.000743503091
     1.99417701       0.27500101   0.000743503091
     1.99417701       2.86659164   0.000743503091
    -1.99417701       0.27500101   0.000743503091
    -1.99417701       2.86659164   0.000743503091
     0.34271793       1.51170305   0.000799852789
     0.34271793       1.62988960   0.000799852789
    -0.34271793       1.51170305   0.000799852789
    -0.34271793       1.62988960   0.000799852789
     2.79887472       1.51170305   0.000799852789
     2.79887472       1.62988960   0.000799852789
    -2.79887472       1.51170305   0.000799852789
    -2.79887472       1.62988960   0.000799852789
     0.06273276       1.22870112   0.000799852789
     0.06273276       1.91289154   0.000799852789
    -0.06273276       1.22870112   0.000799852789
    -0.06273276       1.91289154   0.000799852789
     3.07885989       1.22870112   0.000799852789
     3.07885989       1.91289154   0.000799852789
    -3.07885989       1.22870112   0.000799852789
    -3.07885989       1.91289154   0.000799852789
     1.22807839       1.51170305   0.000799852789
     1.22807839       1.62988960   0.000799852789
    -1.22807839       1.51170305   0.000799852789
    -1.22807839       1.62988960   0.000799852789
     1.91351426       1.51170305   0.000799852789
     1.91351426       1.62988960   0.000799852789
    -1.91351426       1.51170305   0.000799852789
    -1.91351426       1.62988960   0.000799852789
     0.17426680       0.34757699   0.000799852789
     0.17426680       2.79401566   0.000799852789
    -0.17426680       0.34757699   0.000799852789
    -0.17426680       2.79401566   0.000799852789
     2.96732586       0.34757699   0.000799852789
     2.96732586       2.79401566   0.000799852789
    -2.96732586       0.34757699   0.000799852789
    -2.96732586       2.79401566   0.000799852789
     1.50806356       1.22870112   0.000799852789
     1.50806356       1.91289154   0.000799852789
    -1.50806356       1.22870112   0.000799852789
    -1.50806356       1.91289154   0.000799852789
     1.63352909       1.22870112   0.000799852789
     1.63352909       1.91289154   0.000799852789
    -1.63352909       1.22870112   0.000799852789
    -1.63352909       1.91289154   0.000799852789
     1.39652953       0.34757699   0.000799852789
     1.39652953       2.79401566   0.000799852789
    -1.39652953       0.34757699   0.000799852789
    -1.39652953       2.79401566   0.000799852789
     1.74506312       0.34757699   0.000799852789
     1.74506312       2.79401566   0.000799852789
    -1.74506312       0.34757699   0.000799852789
    -1.74506312       2.79401566   0.000799852789
     0.32817464       1.39524078   0.000810173150
     0.32817464       1.74635187   0.000810173150
    -0.32817464       1.39524078   0.000810173150
    -0.32817464       1.74635187   0.000810173150
     2.81341801       1.39524078   0.000810173150
     2.81341801       1.74635187   0.000810173150
    -2.81341801       1.39524078   0.000810173150
    -2.81341801       1.74635187   0.000810173150
     0.18523369       1.24785045   0.000810173150
     0.18523369       1.89374221   0.000810173150
    -0.18523369       1.24785045   0.000810173150
    -0.18523369       1.89374221   0.000810173150
     2.95635897       1.24785045   0.000810173150
     2.95635897       1.89374221   0.000810173150
    -2.95635897       1.24785045   0.000810173150
    -2.95635897       1.89374221   0.000810173150
     1.24262168       1.39524078   0.000810173150
     1.24262168       1.74635187   0.000810173150
    -1.24262168       1.39524078   0.000810173150
    -1.24262168       1.74635187   0.000810173150
     1.89897097       1.39524078   0.000810173150
     1.89897097       1.74635187   0.000810173150
    -1.89897097       1.39524078   0.000810173150
    -1.89897097       1.74635187   0.000810173150
     0.50310040       0.37067732   0.000810173150
     0.50310040       2.77091534   0.000810173150
    -0.50310040       0.37067732   0.000810173150
    -0.50310040       2.77091534   0.000810173150
     2.63849225       0.37067732   0.000810173150
     2.63849225       2.77091534   0.000810173150
    -2.63849225       0.37067732   0.000810173150
    -2.63849225       2.77091534   0.000810173150
     1.38556264       1.24785045   0.000810173150
     1.38556264       1.89374221   0.000810173150
    -1.38556264       1.24785045   0.000810173150
    -1.38556264       1.89374221   0.000810173150
     1.75603001       1.24785045   0.000810173150
     1.75603001       1.89374221   0.000810173150
    -1.75603001       1.24785045   0.000810173150
    -1.75603001       1.89374221   0.000810173150
     1.06769592       0.37067732   0.000810173150
     1.06769592       2.77091534   0.000810173150
    -1.06769592       0.37067732   0.000810173150
    -1.06769592       2.77091534   0.000810173150
     2.07389673       0.37067732   0.000810173150
     2.07389673       2.77091534   0.000810173150
    -2.07389673       0.37067732   0.000810173150
    -2.07389673       2.77091534   0.000810173150
     0.42474794       1.44877021   0.000848338957
     0.42474794       1.69282244   0.000848338957
    -0.42474794       1.44877021   0.000848338957
    -0.42474794       1.69282244   0.000848338957
     2.71684471       1.44877021   0.000848338957
     2.71684471       1.69282244   0.000848338957
    -2.71684471       1.44877021   0.000848338957
    -2.71684471       1.69282244   0.000848338957
     0.13379114       1.14940897   0.000848338957
     0.13379114       1.99218369   0.000848338957
    -0.13379114       1.14940897   0.000848338957
    -0.13379114       1.99218369   0.000848338957
     3.00780151       1.14940897   0.000848338957
     3.00780151       1.99218369   0.000848338957
    -3.00780151       1.14940897   0.000848338957
    -3.00780151       1.99218369   0.000848338957
     1.14604839       1.44877021   0.000848338957
     1.14604839       1.69282244   0.000848338957
    -1.14604839       1.44877021   0.000848338957
    -1.14604839       1.69282244   0.000848338957
     1.99554427       1.44877021   0.000848338957
     1.99554427       1.69282244   0.000848338957
    -1.99554427       1.44877021   0.000848338957
    -1.99554427       1.69282244   0.000848338957
     0.28924703       0.44090125   0.000848338957
     0.28924703       2.70069141   0.000848338957
    -0.28924703       0.44090125   0.000848338957
    -0.28924703       2.70069141   0.000848338957
     2.85234562       0.44090125   0.000848338957
     2.85234562       2.70069141   0.000848338957
    -2.85234562       0.44090125   0.000848338957
    -2.85234562       2.70069141   0.000848338957
     1.43700518       1.14940897   0.000848338957
     1.43700518       1.99218369   0.000848338957
    -1.43700518       1.14940897   0.000848338957
    -1.43700518       1.99218369   0.000848338957
     1.70458747       1.14940897   0.000848338957
     1.70458747       1.99218369   0.000848338957
    -1.70458747       1.14940897   0.000848338957
    -1.70458747       1.99218369   0.000848338957
     1.28154929       0.44090125   0.000848338957
     1.28154929       2.70069141   0.000848338957
    -1.28154929       0.44090125   0.000848338957
    -1.28154929       2.70069141   0.000848338957
     1.86004336       0.44090125   0.000848338957
     1.86004336       2.70069141   0.000848338957
    -1.86004336       0.44090125   0.000848338957
    -1.86004336       2.70069141   0.000848338957
     0.40817529       1.32943177   0.000855629926
     0.40817529       1.81216088   0.000855629926
    -0.40817529       1.32943177   0.000855629926
    -0.40817529       1.81216088   0.000855629926
     2.73341736       1.32943177   0.000855629926
     2.73341736       1.81216088   0.000855629926
    -2.73341736       1.32943177   0.000855629926
    -2.73341736       1.81216088   0.000855629926
     0.26203032       1.17512350   0.000855629926
     0.26203032       1.96646915   0.000855629926
    -0.26203032       1.17512350   0.000855629926
    -0.26203032       1.96646915   0.000855629926
     2.87956233       1.17512350   0.000855629926
     2.87956233       1.96646915   0.000855629926
    -2.87956233       1.17512350   0.000855629926
    -2.87956233       1.96646915   0.000855629926
     1.16262103       1.32943177   0.000855629926
     1.16262103       1.81216088   0.000855629926
    -1.16262103       1.32943177   0.000855629926
    -1.16262103       1.81216088   0.000855629926
     1.97897162       1.32943177   0.000855629926
     1.97897162       1.81216088   0.000855629926
    -1.97897162       1.32943177   0.000855629926
    -1.97897162       1.81216088   0.000855629926
     0.55511153       0.47072270   0.000855629926
     0.55511153       2.67086996   0.000855629926
    -0.55511153       0.47072270   0.000855629926
    -0.55511153       2.67086996   0.000855629926
     2.58648112       0.47072270   0.000855629926
     2.58648112       2.67086996   0.000855629926
    -2.58648112       0.47072270   0.000855629926
    -2.58648112       2.67086996   0.000855629926
     1.30876601       1.17512350   0.000855629926
     1.30876601       1.96646915   0.000855629926
    -1.30876601       1.17512350   0.000855629926
    -1.30876601       1.96646915   0.000855629926
     1.83282665       1.17512350   0.000855629926
     1.83282665       1.96646915   0.000855629926
    -1.83282665       1.17512350   0.000855629926
    -1.83282665       1.96646915   0.000855629926
     1.01568479       0.47072270   0.000855629926
     1.01568479       2.67086996   0.000855629926
    -1.01568479       0.47072270   0.000855629926
    -1.01568479       2.67086996   0.000855629926
     2.12590786       0.47072270   0.000855629926
     2.12590786       2.67086996   0.000855629926
    -2.12590786       0.47072270   0.000855629926
    -2.12590786       2.67086996   0.000855629926
     0.51690668       1.50809274   0.000880320868
     0.51690668       1.63349991   0.000880320868
    -0.51690668       1.50809274   0.000880320868
    -0.51690668       1.63349991   0.000880320868
     2.62468598       1.50809274   0.000880320868
     2.62468598       1.63349991   0.000880320868
    -2.62468598       1.50809274   0.000880320868
    -2.62468598       1.63349991   0.000880320868
     0.07209631       1.05500645   0.000880320868
     0.07209631       2.08658620   0.000880320868
    -0.07209631       1.05500645   0.000880320868
    -0.07209631       2.08658620   0.000880320868
     3.06949635       1.05500645   0.000880320868
     3.06949635       2.08658620   0.000880320868
    -3.06949635       1.05500645   0.000880320868
    -3.06949635       2.08658620   0.000880320868
     1.05388965       1.50809274   0.000880320868
     1.05388965       1.63349991   0.000880320868
    -1.05388965       1.50809274   0.000880320868
    -1.05388965       1.63349991   0.000880320868
     2.08770300       1.50809274   0.000880320868
     2.08770300       1.63349991   0.000880320868
    -2.08770300       1.50809274   0.000880320868
    -2.08770300       1.63349991   0.000880320868
     0.12637022       0.52035333   0.000880320868
     0.12637022       2.62123932   0.000880320868
    -0.12637022       0.52035333   0.000880320868
    -0.12637022       2.62123932   0.000880320868
     3.01522243       0.52035333   0.000880320868
     3.01522243       2.62123932   0.000880320868
    -3.01522243       0.52035333   0.000880320868
    -3.01522243       2.62123932   0.000880320868
     1.49870002       1.05500645   0.000880320868
     1.49870002       2.08658620   0.000880320868
    -1.49870002       1.05500645   0.000880320868
    -1.49870002       2.08658620   0.000880320868
     1.64289264       1.05500645   0.000880320868
     1.64289264       2.08658620   0.000880320868
    -1.64289264       1.05500645   0.000880320868
    -1.64289264       2.08658620   0.000880320868
     1.44442610       0.52035333   0.000880320868
     1.44442610       2.62123932   0.000880320868
    -1.44442610       0.52035333   0.000880320868
    -1.44442610       2.62123932   0.000880320868
     1.69716655       0.52035333   0.000880320868
     1.69716655       2.62123932   0.000880320868
    -1.69716655       0.52035333   0.000880320868
    -1.69716655       2.62123932   0.000880320868
     0.50866018       1.38396071   0.000881104818
     0.50866018       1.75763195   0.000881104818
    -0.50866018       1.38396071   0.000881104818
    -0.50866018       1.75763195   0.000881104818
     2.63293247       1.38396071   0.000881104818
     2.63293247       1.75763195   0.000881104818
    -2.63293247       1.38396071   0.000881104818
    -2.63293247       1.75763195   0.000881104818
     0.21315452       1.07181415   0.000881104818
     0.21315452       2.06977850   0.000881104818
    -0.21315452       1.07181415   0.000881104818
    -0.21315452       2.06977850   0.000881104818
     2.92843814       1.07181415   0.000881104818
     2.92843814       2.06977850   0.000881104818
    -2.92843814       1.07181415   0.000881104818
    -2.92843814       2.06977850   0.000881104818
     1.06213615       1.38396071   0.000881104818
     1.06213615       1.75763195   0.000881104818
    -1.06213615       1.38396071   0.000881104818
    -1.06213615       1.75763195   0.000881104818
     2.07945651       1.38396071   0.000881104818
     2.07945651       1.75763195   0.000881104818
    -2.07945651       1.38396071   0.000881104818
    -2.07945651       1.75763195   0.000881104818
     0.37026437       0.53904752   0.000881104818
     0.37026437       2.60254514   0.000881104818
    -0.37026437       0.53904752   0.000881104818
    -0.37026437       2.60254514   0.000881104818
     2.77132828       0.53904752   0.000881104818
     2.77132828       2.60254514   0.000881104818
    -2.77132828       0.53904752   0.000881104818
    -2.77132828       2.60254514   0.000881104818
     1.35764181       1.07181415   0.000881104818
     1.35764181       2.06977850   0.000881104818
    -1.35764181       1.07181415   0.000881104818
    -1.35764181       2.06977850   0.000881104818
     1.78395084       1.07181415   0.000881104818
     1.78395084       2.06977850   0.000881104818
    -1.78395084       1.07181415   0.000881104818
    -1.78395084       2.06977850   0.000881104818
     1.20053195       0.53904752   0.000881104818
     1.20053195       2.60254514   0.000881104818
    -1.20053195       0.53904752   0.000881104818
    -1.20053195       2.60254514   0.000881104818
     1.94106070       0.53904752   0.000881104818
     1.94106070       2.60254514   0.000881104818
    -1.94106070       0.53904752   0.000881104818
    -1.94106070       2.60254514   0.000881104818
     0.49265659       1.26301319   0.000885028234
     0.49265659       1.87857947   0.000885028234
    -0.49265659       1.26301319   0.000885028234
    -0.49265659       1.87857947   0.000885028234
     2.64893607       1.26301319   0.000885028234
     2.64893607       1.87857947   0.000885028234
    -2.64893607       1.26301319   0.000885028234
    -2.64893607       1.87857947   0.000885028234
     0.34625500       1.10319964   0.000885028234
     0.34625500       2.03839301   0.000885028234
    -0.34625500       1.10319964   0.000885028234
    -0.34625500       2.03839301   0.000885028234
     2.79533765       1.10319964   0.000885028234
     2.79533765       2.03839301   0.000885028234
    -2.79533765       1.10319964   0.000885028234
    -2.79533765       2.03839301   0.000885028234
     1.07813974       1.26301319   0.000885028234
     1.07813974       1.87857947   0.000885028234
    -1.07813974       1.26301319   0.000885028234
    -1.07813974       1.87857947   0.000885028234
     2.06345291       1.26301319   0.000885028234
     2.06345291       1.87857947   0.000885028234
    -2.06345291       1.26301319   0.000885028234
    -2.06345291       1.87857947   0.000885028234
     0.59175903       0.57411114   0.000885028234
     0.59175903       2.56748151   0.000885028234
    -0.59175903       0.57411114   0.000885028234
    -0.59175903       2.56748151   0.000885028234
     2.54983362       0.57411114   0.000885028234
     2.54983362       2.56748151   0.000885028234
    -2.54983362       0.57411114   0.000885028234
    -2.54983362       2.56748151   0.000885028234
     1.22454132       1.10319964   0.000885028234
     1.22454132       2.03839301   0.000885028234
    -1.22454132       1.10319964   0.000885028234
    -1.22454132       2.03839301   0.000885028234
     1.91705133       1.10319964   0.000885028234
     1.91705133       2.03839301   0.000885028234
    -1.91705133       1.10319964   0.000885028234
    -1.91705133       2.03839301   0.000885028234
     0.97903729       0.57411114   0.000885028234
     0.97903729       2.56748151   0.000885028234
    -0.97903729       0.57411114   0.000885028234
    -0.97903729       2.56748151   0.000885028234
     2.16255536       0.57411114   0.000885028234
     2.16255536       2.56748151   0.000885028234
    -2.16255536       0.57411114   0.000885028234
    -2.16255536       2.56748151   0.000885028234
     0.60382316       1.44367676   0.000902134230
     0.60382316       1.69791589   0.000902134230
    -0.60382316       1.44367676   0.000902134230
    -0.60382316       1.69791589   0.000902134230
     2.53776950       1.44367676   0.000902134230
     2.53776950       1.69791589   0.000902134230
    -2.53776950       1.44367676   0.000902134230
    -2.53776950       1.69791589   0.000902134230
     0.15403403       0.97252814   0.000902134230
     0.15403403       2.16906452   0.000902134230
    -0.15403403       0.97252814   0.000902134230
    -0.15403403       2.16906452   0.000902134230
     2.98755862       0.97252814   0.000902134230
     2.98755862       2.16906452   0.000902134230
    -2.98755862       0.97252814   0.000902134230
    -2.98755862       2.16906452   0.000902134230
     0.96697317       1.44367676   0.000902134230
     0.96697317       1.69791589   0.000902134230
    -0.96697317       1.44367676   0.000902134230
    -0.96697317       1.69791589   0.000902134230
     2.17461948       1.44367676   0.000902134230
     2.17461948       1.69791589   0.000902134230
    -2.17461948       1.44367676   0.000902134230
    -2.17461948       1.69791589   0.000902134230
     0.22140690       0.61542380   0.000902134230
     0.22140690       2.52616885   0.000902134230
    -0.22140690       0.61542380   0.000902134230
    -0.22140690       2.52616885   0.000902134230
     2.92018575       0.61542380   0.000902134230
     2.92018575       2.52616885   0.000902134230
    -2.92018575       0.61542380   0.000902134230
    -2.92018575       2.52616885   0.000902134230
     1.41676230       0.97252814   0.000902134230
     1.41676230       2.16906452   0.000902134230
    -1.41676230       0.97252814   0.000902134230
    -1.41676230       2.16906452   0.000902134230
     1.72483036       0.97252814   0.000902134230
     1.72483036       2.16906452   0.000902134230
    -1.72483036       0.97252814   0.000902134230
    -1.72483036       2.16906452   0.000902134230
     1.34938942       0.61542380   0.000902134230
     1.34938942       2.52616885   0.000902134230
    -1.34938942       0.61542380   0.000902134230
    -1.34938942       2.52616885   0.000902134230
     1.79220323       0.61542380   0.000902134230
     1.79220323       2.52616885   0.000902134230
    -1.79220323       0.61542380   0.000902134230
    -1.79220323       2.52616885   0.000902134230
     0.59579199       1.31872412   0.000901009168
     0.59579199       1.82286854   0.000901009168
    -0.59579199       1.31872412   0.000901009168
    -0.59579199       1.82286854   0.000901009168
     2.54580067       1.31872412   0.000901009168
     2.54580067       1.82286854   0.000901009168
    -2.54580067       1.31872412   0.000901009168
    -2.54580067       1.82286854   0.000901009168
     0.30166575       0.99627818   0.000901009168
     0.30166575       2.14531447   0.000901009168
    -0.30166575       0.99627818   0.000901009168
    -0.30166575       2.14531447   0.000901009168
     2.83992690       0.99627818   0.000901009168
     2.83992690       2.14531447   0.000901009168
    -2.83992690       0.99627818   0.000901009168
    -2.83992690       2.14531447   0.000901009168
     0.97500434       1.31872412   0.000901009168
     0.97500434       1.82286854   0.000901009168
    -0.97500434       1.31872412   0.000901009168
    -0.97500434       1.82286854   0.000901009168
     2.16658831       1.31872412   0.000901009168
     2.16658831       1.82286854   0.000901009168
    -2.16658831       1.31872412   0.000901009168
    -2.16658831       1.82286854   0.000901009168
     0.43027763       0.64091843   0.000901009168
     0.43027763       2.50067422   0.000901009168
    -0.43027763       0.64091843   0.000901009168
    -0.43027763       2.50067422   0.000901009168
     2.71131502       0.64091843   0.000901009168
     2.71131502       2.50067422   0.000901009168
    -2.71131502       0.64091843   0.000901009168
    -2.71131502       2.50067422   0.000901009168
     1.26913058       0.99627818   0.000901009168
     1.26913058       2.14531447   0.000901009168
    -1.26913058       0.99627818   0.000901009168
    -1.26913058       2.14531447   0.000901009168
     1.87246208       0.99627818   0.000901009168
     1.87246208       2.14531447   0.000901009168
    -1.87246208       0.99627818   0.000901009168
    -1.87246208       2.14531447   0.000901009168
     1.14051870       0.64091843   0.000901009168
     1.14051870       2.50067422   0.000901009168
    -1.14051870       0.64091843   0.000901009168
    -1.14051870       2.50067422   0.000901009168
     2.00107396       0.64091843   0.000901009168
     2.00107396       2.50067422   0.000901009168
    -2.00107396       0.64091843   0.000901009168
    -2.00107396       2.50067422   0.000901009168
     0.58274252       1.19718154   0.000902269294
     0.58274252       1.94441111   0.000902269294
    -0.58274252       1.19718154   0.000902269294
    -0.58274252       1.94441111   0.000902269294
     2.55885013       1.19718154   0.000902269294
     2.55885013       1.94441111   0.000902269294
    -2.55885013       1.19718154   0.000902269294
    -2.55885013       1.94441111   0.000902269294
     0.43896650       1.03287516   0.000902269294
     0.43896650       2.10871749   0.000902269294
    -0.43896650       1.03287516   0.000902269294
    -0.43896650       2.10871749   0.000902269294
     2.70262616       1.03287516   0.000902269294
     2.70262616       2.10871749   0.000902269294
    -2.70262616       1.03287516   0.000902269294
    -2.70262616       2.10871749   0.000902269294
     0.98805381       1.19718154   0.000902269294
     0.98805381       1.94441111   0.000902269294
    -0.98805381       1.19718154   0.000902269294
    -0.98805381       1.94441111   0.000902269294
     2.15353885       1.19718154   0.000902269294
     2.15353885       1.94441111   0.000902269294
    -2.15353885       1.19718154   0.000902269294
    -2.15353885       1.94441111   0.000902269294
     0.61897871       0.68034410   0.000902269294
     0.61897871       2.46124856   0.000902269294
    -0.61897871       0.68034410   0.000902269294
    -0.61897871       2.46124856   0.000902269294
     2.52261394       0.68034410   0.000902269294
     2.52261394       2.46124856   0.000902269294
    -2.52261394       0.68034410   0.000902269294
    -2.52261394       2.46124856   0.000902269294
     1.13182983       1.03287516   0.000902269294
     1.13182983       2.10871749   0.000902269294
    -1.13182983       1.03287516   0.000902269294
    -1.13182983       2.10871749   0.000902269294
     2.00976282       1.03287516   0.000902269294
     2.00976282       2.10871749   0.000902269294
    -2.00976282       1.03287516   0.000902269294
    -2.00976282       2.10871749   0.000902269294
     0.95181762       0.68034410   0.000902269294
     0.95181762       2.46124856   0.000902269294
    -0.95181762       0.68034410   0.000902269294
    -0.95181762       2.46124856   0.000902269294
     2.18977504       0.68034410   0.000902269294
     2.18977504       2.46124856   0.000902269294
    -2.18977504       0.68034410   0.000902269294
    -2.18977504       2.46124856   0.000902269294
     0.69547693       1.50650656   0.000915801617
     0.69547693       1.63508610   0.000915801617
    -0.69547693       1.50650656   0.000915801617
    -0.69547693       1.63508610   0.000915801617
     2.44611572       1.50650656   0.000915801617
     2.44611572       1.63508610   0.000915801617
    -2.44611572       1.50650656   0.000915801617
    -2.44611572       1.63508610   0.000915801617
     0.08365794       0.87704231   0.000915801617
     0.08365794       2.26455035   0.000915801617
    -0.08365794       0.87704231   0.000915801617
    -0.08365794       2.26455035   0.000915801617
     3.05793471       0.87704231   0.000915801617
     3.05793471       2.26455035   0.000915801617
    -3.05793471       0.87704231   0.000915801617
    -3.05793471       2.26455035   0.000915801617
     0.87531939       1.50650656   0.000915801617
     0.87531939       1.63508610   0.000915801617
    -0.87531939       1.50650656   0.000915801617
    -0.87531939       1.63508610   0.000915801617
     2.26627326       1.50650656   0.000915801617
     2.26627326       1.63508610   0.000915801617
    -2.26627326       1.50650656   0.000915801617
    -2.26627326       1.63508610   0.000915801617
     0.10013733       0.69794861   0.000915801617
     0.10013733       2.44364405   0.000915801617
    -0.10013733       0.69794861   0.000915801617
    -0.10013733       2.44364405   0.000915801617
     3.04145532       0.69794861   0.000915801617
     3.04145532       2.44364405   0.000915801617
    -3.04145532       0.69794861   0.000915801617
    -3.04145532       2.44364405   0.000915801617
     1.48713839       0.87704231   0.000915801617
     1.48713839       2.26455035   0.000915801617
    -1.48713839       0.87704231   0.000915801617
    -1.48713839       2.26455035   0.000915801617
     1.65445427       0.87704231   0.000915801617
     1.65445427       2.26455035   0.000915801617
    -1.65445427       0.87704231   0.000915801617
    -1.65445427       2.26455035   0.000915801617
     1.47065900       0.69794861   0.000915801617
     1.47065900       2.44364405   0.000915801617
    -1.47065900       0.69794861   0.000915801617
    -1.47065900       2.44364405   0.000915801617
     1.67093366       0.69794861   0.000915801617
     1.67093366       2.44364405   0.000915801617
    -1.67093366       0.69794861   0.000915801617
    -1.67093366       2.44364405   0.000915801617
     0.69279375       1.37902116   0.000913157800
     0.69279375       1.76257150   0.000913157800
    -0.69279375       1.37902116   0.000913157800
    -0.69279375       1.76257150   0.000913157800
     2.44879890       1.37902116   0.000913157800
     2.44879890       1.76257150   0.000913157800
    -2.44879890       1.37902116   0.000913157800
    -2.44879890       1.76257150   0.000913157800
     0.24717318       0.89312507   0.000913157800
     0.24717318       2.24846758   0.000913157800
    -0.24717318       0.89312507   0.000913157800
    -0.24717318       2.24846758   0.000913157800
     2.89441947       0.89312507   0.000913157800
     2.89441947       2.24846758   0.000913157800
    -2.89441947       0.89312507   0.000913157800
    -2.89441947       2.24846758   0.000913157800
     0.87800257       1.37902116   0.000913157800
     0.87800257       1.76257150   0.000913157800
    -0.87800257       1.37902116   0.000913157800
    -0.87800257       1.76257150   0.000913157800
     2.26359008       1.37902116   0.000913157800
     2.26359008       1.76257150   0.000913157800
    -2.26359008       1.37902116   0.000913157800
    -2.26359008       1.76257150   0.000913157800
     0.29512208       0.71459544   0.000913157800
     0.29512208       2.42699721   0.000913157800
    -0.29512208       0.71459544   0.000913157800
    -0.29512208       2.42699721   0.000913157800
     2.84647057       0.71459544   0.000913157800
     2.84647057       2.42699721   0.000913157800
    -2.84647057       0.71459544   0.000913157800
    -2.84647057       2.42699721   0.000913157800
     1.32362315       0.89312507   0.000913157800
     1.32362315       2.24846758   0.000913157800
    -1.32362315       0.89312507   0.000913157800
    -1.32362315       2.24846758   0.000913157800
     1.81796951       0.89312507   0.000913157800
     1.81796951       2.24846758   0.000913157800
    -1.81796951       0.89312507   0.000913157800
    -1.81796951       2.24846758   0.000913157800
     1.27567425       0.71459544   0.000913157800
     1.27567425       2.42699721   0.000913157800
    -1.27567425       0.71459544   0.000913157800
    -1.27567425       2.42699721   0.000913157800
     1.86591841       0.71459544   0.000913157800
     1.86591841       2.42699721   0.000913157800
    -1.86591841       0.71459544   0.000913157800
    -1.86591841       2.42699721   0.000913157800
     0.68753621       1.25431182   0.000910781358
     0.68753621       1.88728084   0.000910781358
    -0.68753621       1.25431182   0.000910781358
    -0.68753621       1.88728084   0.000910781358
     2.45405645       1.25431182   0.000910781358
     2.45405645       1.88728084   0.000910781358
    -2.45405645       1.25431182   0.000910781358
    -2.45405645       1.88728084   0.000910781358
     0.40082600       0.92339429   0.000910781358
     0.40082600       2.21819836   0.000910781358
    -0.40082600       0.92339429   0.000910781358
    -0.40082600       2.21819836   0.000910781358
     2.74076666       0.92339429   0.000910781358
     2.74076666       2.21819836   0.000910781358
    -2.74076666       0.92339429   0.000910781358
    -2.74076666       2.21819836   0.000910781358
     0.88326012       1.25431182   0.000910781358
     0.88326012       1.88728084   0.000910781358
    -0.88326012       1.25431182   0.000910781358
    -0.88326012       1.88728084   0.000910781358
     2.25833253       1.25431182   0.000910781358
     2.25833253       1.88728084   0.000910781358
    -2.25833253       1.25431182   0.000910781358
    -2.25833253       1.88728084   0.000910781358
     0.47639126       0.74596904   0.000910781358
     0.47639126       2.39562361   0.000910781358
    -0.47639126       0.74596904   0.000910781358
    -0.47639126       2.39562361   0.000910781358
     2.66520140       0.74596904   0.000910781358
     2.66520140       2.39562361   0.000910781358
    -2.66520140       0.74596904   0.000910781358
    -2.66520140       2.39562361   0.000910781358
     1.16997033       0.92339429   0.000910781358
     1.16997033       2.21819836   0.000910781358
    -1.16997033       0.92339429   0.000910781358
    -1.16997033       2.21819836   0.000910781358
     1.97162233       0.92339429   0.000910781358
     1.97162233       2.21819836   0.000910781358
    -1.97162233       0.92339429   0.000910781358
    -1.97162233       2.21819836   0.000910781358
     1.09440507       0.74596904   0.000910781358
     1.09440507       2.39562361   0.000910781358
    -1.09440507       0.74596904   0.000910781358
    -1.09440507       2.39562361   0.000910781358
     2.04718758       0.74596904   0.000910781358
     2.04718758       2.39562361   0.000910781358
    -2.04718758       0.74596904   0.000910781358
    -2.04718758       2.39562361   0.000910781358
     0.67979597       1.13308852   0.000910576026
     0.67979597       2.00850413   0.000910576026
    -0.67979597       1.13308852   0.000910576026
    -0.67979597       2.00850413   0.000910576026
     2.46179668       1.13308852   0.000910576026
     2.46179668       2.00850413   0.000910576026
    -2.46179668       1.13308852   0.000910576026
    -2.46179668       2.00850413   0.000910576026
     0.54170691       0.96505672   0.000910576026
     0.54170691       2.17653593   0.000910576026
    -0.54170691       0.96505672   0.000910576026
    -0.54170691       2.17653593   0.000910576026
     2.59988574       0.96505672   0.000910576026
     2.59988574       2.17653593   0.000910576026
    -2.59988574       0.96505672   0.000910576026
    -2.59988574       2.17653593   0.000910576026
     0.89100036       1.13308852   0.000910576026
     0.89100036       2.00850413   0.000910576026
    -0.89100036       1.13308852   0.000910576026
    -0.89100036       2.00850413   0.000910576026
     2.25059230       1.13308852   0.000910576026
     2.25059230       2.00850413   0.000910576026
    -2.25059230       1.13308852   0.000910576026
    -2.25059230       2.00850413   0.000910576026
     0.63993601       0.78924178   0.000910576026
     0.63993601       2.35235088   0.000910576026
    -0.63993601       0.78924178   0.000910576026
    -0.63993601       2.35235088   0.000910576026
     2.50165664       0.78924178   0.000910576026
     2.50165664       2.35235088   0.000910576026
    -2.50165664       0.78924178   0.000910576026
    -2.50165664       2.35235088   0.000910576026
     1.02908941       0.96505672   0.000910576026
     1.02908941       2.17653593   0.000910576026
    -1.02908941       0.96505672   0.000910576026
    -1.02908941       2.17653593   0.000910576026
     2.11250324       0.96505672   0.000910576026
     2.11250324       2.17653593   0.000910576026
    -2.11250324       0.96505672   0.000910576026
    -2.11250324       2.17653593   0.000910576026
     0.93086031       0.78924178   0.000910576026
     0.93086031       2.35235088   0.000910576026
    -0.93086031       0.78924178   0.000910576026
    -0.93086031       2.35235088   0.000910576026
     2.21073234       0.78924178   0.000910576026
     2.21073234       2.35235088   0.000910576026
    -2.21073234       0.78924178   0.000910576026
    -2.21073234       2.35235088   0.000910576026