0.2862029553319213
0.3576806434494699
0.42906293180749433
0.5003960983381217
0.571745035560703
0.6431030215409625
0.7144669538476967
0.7858381251605733
0.8572183452311284
0.9286055457718927
0.9999963658157283
1.0713908053626353
1.142792483915685
1.2141975234358726
1.2856051483153967
1.3570163926979923
1.4284278956165213
1.4998450863255914
1.571257881923789
1.6426763653125274
1.714096658452801
1.785516434521208
1.8569478447066297
1.9284004548386122
1.9998618551923395
2.071328943336608
2.1428112851009624
2.2142993146558583
2.285807251477645
2.3573340614225913
2.4288763835235576
2.500425686094732
2.571986881318856
2.6173731414773282
