-1.1710293555522826
-1.0655818124127716
-0.9993276704777272
-0.9532544126317037
-0.9007020288413092
-0.8444321137713584
-0.7857192495748428
-0.7240323603546823
-0.6586279398549646
-0.5903557095110172
-0.5205964666552494
-0.4493502112876566
-0.3751299308964189
-0.2995288531727751
-0.22286562365497264
-0.14471538162534747
-0.06645892441630608
0.01413426673988516
0.09292179984600546
0.17404606689927604
0.255913840208458
0.3375691831588079
0.4240042091828733
0.519148879919042
0.6179048667553522
0.7189975875388113
0.826357003907809
0.9360531542239561
1.0539278733551276
1.1795563005836596
1.3115576385771448
1.4464267864148597
1.5861818325057062
1.663543693828076
