-3.48693675054552
-3.2699474376456266
-3.1086887436160398
-2.9728373315876704
-2.852439402969593
-2.7756767020932926
-2.7232457070793705
-2.6614526026797947
-2.587286098365409
-2.5331929259863397
-2.4671512144101273
-2.399516275142676
-2.3294383867486594
-2.2536248786661837
-2.180997825966185
-2.1042283812689666
-2.014500684683009
-1.9443165811095744
-1.8686092882065148
-1.7918398435092966
-1.7122025889678492
-1.6324591192469855
-1.550803776296636
-1.467661420834463
-1.3836693439369627
-1.2928794955568454
-1.1985845462560034
-1.100996926393269
-0.9982047627391548
-0.8893583338583357
-0.7750949308273047
-0.6552021232872307
-0.5326539362617604
-0.39212108002676693
-0.26063857673267155
-0.123233200003523
0.006412825803044253
