0.14242163709777333
0.17563213094563657
0.21026552235857332
0.2571637856046658
0.32046005403555344
0.3918679210360313
0.46321656278897416
0.5345879926377846
0.6059895402957183
0.6773422279164867
0.7487239992026438
0.8201096485278061
0.8915012441794428
0.9629068007714976
1.0343046012855424
1.1057124847010003
1.1771519095003657
1.248543763687936
1.319949061744057
1.391356945159515
1.4627718090451818
1.5341869314667822
1.6056067075351892
1.6770301031066672
1.7484555669656145
1.8198975771243167
1.89134811896883
1.9628066754272873
2.0342779001464937
2.1057638614139194
2.1772630080139628
2.24877585701849
2.3202951694213603
2.3924289391506948
2.4620296820997645
2.5322155230346715
2.596903937059831
