1.0006364900286915
1.0773263433813893
1.1507208387942334
1.2214941022280472
1.2909567496723457
1.365661861074705
1.436435124508519
1.511140235910878
1.581913499344692
1.6487549148099605
1.7208387942332897
1.7942332896461337
1.8650065530799473
1.9318479685452161
2.00262123197903
2.0747051114023582
2.1494102228047183
2.218872870249018
2.288335517693316
2.3604193971166456
2.4351245085190043
2.501965923984273
2.571428571428571
2.639580602883355
2.712975098296199
2.781127129750982
2.8571428571428568
