-0.09134709036938204
1.7636836274375156
3.484817491292752
4.977996495369403
6.4504301137556865
7.632917098107935
8.545985604947035
9.707754357255101
10.662259328182596
11.471655213862125
12.281159714126417
13.277155456434699
14.0244781069202
14.771719296467147
15.456887250820046
16.28710998312854
17.13810525477362
17.678218431170933
18.694850944584847
19.29717312440716
20.21032309218483
20.708945497201377
21.642705082438482
22.514282817896795
23.365250935895684
24.07108281500041
24.88066877620328
