0.00055920586476918
0.010397136931422357
0.017803115277925136
0.02362577179108266
0.02825474609002604
0.03202337623219542
0.03519725572910137
0.03809659400296314
0.040343111761341144
0.04286911874384819
0.04480605690782469
0.04650035054555271
0.04821286983668659
0.04977966719788621
0.05144661479828977
0.053165563464748794
0.05532511241569285
0.056987595212994444
0.059071958556736553
0.06084727357168451
0.06258572430130149
0.06480889194220042
0.06680938616320663
0.06867169255491466
0.07064387182171317
0.07273942928958327
0.0746882351613246
0.07688334237209167
0.07889361094126313
0.08107205693496934
0.08348014553443119
0.08589693107569632
0.08833703827433743
0.09080718438738468
0.09404520950011833
0.09744816254560529
0.10033332485245121
0.1039812522303229
0.1078120446710028
0.11163547369647131
0.11565627402349879
0.11999580402252233
0.12437764758338718
0.128864343099891
0.13283826145091626
0.13684960473405544
0.14115623762823262
0.14558223198792025
0.15078495554934013
0.1549497069547091
0.15935922706374883
0.164373517006838
