1.0197831714892218
1.089751785421743
1.2185159649696802
1.3587536412488728
1.5142433965749662
1.6811704635634173
1.8519253816495156
2.0454825433260706
2.204889624519345
2.3946673876476336
2.561211370436509
2.7158619656905367
2.8744777247157742
3.0220411820713036
3.1720856453883663
3.3246825806045455
3.514478684975655
3.6914811347141003
3.8624488366297807
4.016308978640092
4.157890494762591
4.332111271442941
4.49001143260734
4.643594537755541
4.79366622025492
4.966848910786344
5.116300922504475
5.290428151515805
5.451885734325619
5.61665822317024
5.776727467816846
5.942297913270951
6.1055771703613875
6.264685808909169
6.451497985135881
6.6243415550030535
6.774780004244516
6.940288830988081
7.108637068174661
7.271003691918562
7.439627275485777
7.591844714226764
7.736390827502656
7.888564380565609
8.02380786690991
8.139177363119515
8.253989496669579
8.374764073569311
8.500383025731159
8.602722842263136
8.697454240513075
8.799751537598722
