0.9986893840104847
1.0812581913499344
1.1559633027522935
1.2241153342070774
1.2935779816513762
1.363040629095675
1.4338138925294888
1.5072083879423328
1.581913499344692
1.6487549148099605
1.7182175622542595
1.7942332896461337
1.8623853211009171
1.9318479685452155
2.003931847968545
2.0733944954128436
2.1467889908256876
2.218872870249017
2.28440366972477
2.3604193971166447
2.4298820445609435
2.5006553079947578
2.571428571428571
2.642201834862385
2.715596330275229
2.7850589777195283
2.8676277850589775
