-2.46917336937382
-2.3223064575717745
-2.210273573308477
-2.1306363187670287
-2.0737291126205832
-2.014591387706404
-1.9442130620906113
-1.876030080085731
-1.811261709186387
-1.7419273270482813
-1.6703624261424412
-1.5983726645189371
-1.5274450546895926
-1.4490823823011363
-1.3731626590392443
-1.2975615813156
-1.2214294276948774
-1.1468081933798242
-1.0737323731683155
-0.9979188650858393
-0.9145640792648351
-0.8291912050349284
-0.7408443057813758
-0.6466555716599509
-0.5495990276942959
-0.45061644847523175
-0.34454577628314675
-0.24175361262903472
-0.13258853820996608
-0.032627624046852155
