0.20908288204699377
0.26696503797163795
0.3384587553170739
0.4098736192027409
0.48123315639860254
0.5525981228490713
0.6239904497880631
0.695377433091491
0.7667561049682925
0.8381458908683934
0.9095411060231016
0.9809373553215444
1.0523310192606503
1.1237427807151132
1.1951485958431016
1.2665536353632891
1.3379599675631448
1.4084495320603638
1.4807615149177085
1.5521670715097635
1.6235909841531087
1.695019808979194
1.7664558728114217
1.8379061561200014
1.90936341989879
1.9808253717958426
2.0523045766575354
2.123775801376742
2.195262538251969
2.262617966453046
